9 // row dimension of input pattern
7 // column dimension of input pattern
7 // dimension of output pattern
21 // // number of testing pairs
0.25 // learning rate
1.0 // threshold theta
1.0E-5 // threshold for weight changes

-1.0 -0.5 0.0 0.5 -0.5 -1.5 -0.5 0.0 -0.5 0.5 1.5 -0.5 0.0 0.0 0.0 -0.5 0.5 0.5 0.5 0.0 0.0 0.0 -0.5 0.5 0.5 1.5 0.0 0.0 0.0 -1.0 0.5 0.0 1.0 -0.5 0.5 0.0 0.5 0.5 0.5 1.0 1.0 0.0 0.0 0.0 1.0 0.5 0.5 1.0 0.0 0.0 0.0 0.5 0.5 0.0 0.5 0.0 -0.5 0.5 -0.5 -0.5 0.0 0.0 0.5  // weights for output 0
0.5 0.5 -0.5 -0.5 0.0 1.0 -1.0 0.5 0.0 0.5 0.0 0.5 -0.5 1.0 0.0 0.5 0.5 0.0 -0.5 0.5 1.5 0.0 0.5 0.0 0.5 0.0 1.5 0.5 0.0 1.0 1.0 1.5 0.0 1.5 0.5 0.0 0.0 0.0 0.0 0.0 0.0 1.5 0.0 0.0 0.5 0.5 0.5 0.0 1.5 0.5 -0.5 0.5 0.5 0.5 -1.0 1.0 0.0 0.0 -0.5 0.0 -0.5 0.5 -1.0  // weights for output 1
-0.75 -0.25 0.25 0.25 0.75 -0.25 1.25 -0.25 1.25 0.75 0.25 0.25 0.25 0.75 0.75 0.25 0.75 -0.25 0.75 0.25 0.25 0.75 0.25 -0.25 0.75 0.25 0.25 -0.25 0.75 -0.75 -0.25 0.25 -0.25 -0.25 0.25 0.75 -0.25 -0.25 0.25 0.25 -0.25 -0.25 0.75 -0.75 0.75 0.25 0.75 -0.25 0.25 -0.25 0.25 0.75 0.75 0.25 -0.25 0.75 -1.25 -0.75 -0.25 0.25 -0.25 -0.25 0.25  // weights for output 2
0.75 0.75 -0.25 -0.25 0.25 -1.25 -0.25 0.75 0.25 0.75 0.25 0.75 1.25 -1.25 0.25 0.75 0.75 0.25 0.75 0.25 0.75 0.25 0.75 -0.25 -0.25 -0.25 -0.25 1.75 0.25 0.25 -0.75 -0.25 -0.25 -0.25 1.75 0.25 0.25 0.25 -0.25 0.25 -0.25 1.25 0.25 -0.25 0.75 0.75 0.75 -0.25 0.75 0.75 -0.75 0.75 0.75 0.75 0.75 -0.75 0.25 0.25 -0.75 -0.25 -0.75 -1.25 -0.25  // weights for output 3
0.0 0.5 0.0 0.5 1.0 -0.5 2.0 0.5 0.5 1.0 0.5 0.0 0.0 0.5 0.5 0.5 1.0 -0.5 1.0 0.5 -1.0 0.5 0.5 -0.5 1.5 0.5 0.0 -0.5 0.5 0.0 0.0 1.5 0.5 -1.0 0.5 0.5 0.0 0.0 0.5 0.5 0.0 -1.0 0.5 -0.5 1.0 0.5 0.0 0.0 -1.0 0.5 -0.5 1.0 1.0 0.5 -1.0 0.5 -0.5 0.0 -0.5 1.0 0.5 -0.5 2.0  // weights for output 4
0.0 0.0 -1.0 -0.5 0.0 0.5 1.0 0.0 0.0 0.5 0.0 0.5 0.5 0.0 -0.5 0.5 0.5 0.0 0.5 1.0 -0.5 -0.5 0.5 0.0 0.5 0.0 1.0 0.0 -0.5 0.0 -0.5 0.0 -0.5 0.5 0.5 -0.5 0.0 0.0 0.0 0.0 0.5 0.0 -0.5 0.5 0.5 0.5 0.5 0.5 -0.5 0.0 0.0 0.5 0.5 0.5 0.0 0.0 -0.5 -0.5 -0.5 0.0 -0.5 -0.5 0.0  // weights for output 5
0.75 0.25 -0.25 -1.75 -0.75 0.75 0.75 0.25 0.75 0.25 -0.75 1.25 0.75 -0.75 0.25 0.75 0.25 0.25 0.25 0.25 -0.25 0.25 0.75 -0.25 0.25 -1.25 0.25 -0.25 0.25 0.75 -0.25 -0.25 -1.75 -0.25 0.25 0.25 -0.25 0.25 0.75 -0.25 -0.75 -0.25 0.25 -0.25 -0.25 0.25 0.75 -0.75 -0.25 0.25 -0.25 0.25 0.25 0.75 0.25 -0.75 0.25 -0.75 -0.25 -0.75 -1.25 -0.25 0.25  // weights for output 6

-0.5 // bias for output 0
-0.5 // bias for output 1
-0.75 // bias for output 2
-0.75 // bias for output 3
-1.0 // bias for output 4
-0.5 // bias for output 5
-0.25 // bias for output 6

A B C D E J K  // classification readable letter for index
