9 // row dimension of input pattern
7 // column dimension of input pattern
7 // dimension of output pattern
21 // // number of testing pairs
1.0 // learning rate
1.0 // threshold theta
1.0E-5 // threshold for weight changes

-2.0 0.0 2.0 0.0 -2.0 -4.0 0.0 0.0 0.0 2.0 4.0 0.0 0.0 0.0 0.0 0.0 2.0 2.0 2.0 0.0 0.0 0.0 0.0 2.0 2.0 4.0 0.0 0.0 0.0 -2.0 2.0 0.0 2.0 -2.0 2.0 0.0 2.0 2.0 4.0 4.0 2.0 0.0 0.0 0.0 2.0 0.0 2.0 2.0 0.0 0.0 0.0 2.0 2.0 0.0 2.0 0.0 0.0 2.0 0.0 -2.0 0.0 0.0 4.0  // weights for output 0
2.0 2.0 -2.0 -2.0 0.0 4.0 -2.0 2.0 0.0 2.0 0.0 2.0 -2.0 6.0 0.0 2.0 2.0 0.0 2.0 2.0 4.0 0.0 2.0 2.0 4.0 2.0 4.0 2.0 0.0 2.0 2.0 4.0 2.0 6.0 0.0 0.0 0.0 0.0 0.0 0.0 0.0 4.0 0.0 0.0 2.0 2.0 2.0 0.0 4.0 2.0 -2.0 2.0 2.0 2.0 -4.0 6.0 0.0 0.0 -2.0 0.0 -2.0 2.0 -2.0  // weights for output 1
-3.0 -1.0 1.0 1.0 3.0 -1.0 5.0 -1.0 5.0 3.0 1.0 1.0 1.0 3.0 3.0 1.0 3.0 -1.0 3.0 1.0 1.0 3.0 1.0 -1.0 3.0 1.0 1.0 -1.0 3.0 -3.0 -1.0 1.0 -1.0 -1.0 1.0 3.0 -1.0 -1.0 1.0 1.0 -1.0 -1.0 3.0 -3.0 3.0 1.0 3.0 -1.0 1.0 -1.0 1.0 3.0 3.0 1.0 -1.0 3.0 -5.0 -3.0 -1.0 1.0 -1.0 -1.0 1.0  // weights for output 2
3.0 3.0 -1.0 -1.0 1.0 -5.0 -1.0 3.0 1.0 3.0 1.0 3.0 5.0 -5.0 1.0 3.0 3.0 1.0 3.0 1.0 3.0 1.0 3.0 -1.0 -1.0 -1.0 -1.0 7.0 1.0 1.0 -3.0 -1.0 -1.0 -1.0 7.0 1.0 1.0 1.0 -1.0 1.0 -1.0 5.0 1.0 -1.0 3.0 3.0 3.0 -1.0 3.0 3.0 -3.0 3.0 3.0 3.0 3.0 -3.0 1.0 1.0 -3.0 -1.0 -3.0 -5.0 -1.0  // weights for output 3
1.0 1.0 -1.0 3.0 3.0 -1.0 7.0 1.0 3.0 3.0 1.0 1.0 -1.0 1.0 1.0 3.0 3.0 -1.0 3.0 1.0 -5.0 1.0 3.0 -1.0 5.0 1.0 -1.0 -3.0 1.0 1.0 -1.0 5.0 1.0 -5.0 1.0 1.0 1.0 1.0 1.0 1.0 -1.0 -5.0 1.0 1.0 3.0 3.0 -1.0 -1.0 -5.0 1.0 -1.0 3.0 3.0 3.0 -5.0 1.0 -1.0 -1.0 -3.0 3.0 1.0 -1.0 7.0  // weights for output 4
0.0 0.0 -4.0 -2.0 0.0 2.0 4.0 0.0 0.0 2.0 0.0 2.0 2.0 0.0 -2.0 2.0 2.0 0.0 2.0 4.0 -2.0 -2.0 2.0 0.0 2.0 0.0 4.0 0.0 -2.0 0.0 -2.0 0.0 -2.0 2.0 2.0 -2.0 0.0 0.0 0.0 0.0 2.0 0.0 -2.0 2.0 2.0 2.0 2.0 2.0 -2.0 0.0 0.0 2.0 2.0 2.0 0.0 0.0 -2.0 -2.0 -2.0 0.0 -2.0 -2.0 0.0  // weights for output 5
2.0 0.0 -2.0 -4.0 -2.0 2.0 2.0 0.0 2.0 0.0 -2.0 4.0 0.0 -2.0 0.0 2.0 0.0 2.0 0.0 0.0 -2.0 0.0 2.0 2.0 0.0 -2.0 0.0 -2.0 0.0 2.0 -2.0 -2.0 -4.0 -2.0 0.0 0.0 0.0 0.0 0.0 -2.0 -2.0 -2.0 0.0 0.0 0.0 2.0 2.0 -2.0 -2.0 0.0 0.0 0.0 0.0 2.0 0.0 -2.0 0.0 -2.0 -2.0 -2.0 -4.0 0.0 0.0  // weights for output 6

-2.0 // bias for output 0
-2.0 // bias for output 1
-3.0 // bias for output 2
-3.0 // bias for output 3
-3.0 // bias for output 4
-2.0 // bias for output 5
0.0 // bias for output 6

A B C D E J K  // classification readable letter for index
