9 // row dimension of input pattern
7 // column dimension of input pattern
7 // dimension of output pattern
21 // // number of testing pairs
0.75 // learning rate
1.0 // threshold theta
1.0E-5 // threshold for weight changes

-1.5 0.0 1.5 0.0 -1.5 -3.0 0.0 0.0 0.0 1.5 3.0 0.0 0.0 0.0 0.0 0.0 1.5 1.5 1.5 0.0 0.0 0.0 0.0 1.5 1.5 3.0 0.0 0.0 0.0 -1.5 1.5 0.0 1.5 -1.5 1.5 0.0 1.5 1.5 3.0 3.0 1.5 0.0 0.0 0.0 1.5 0.0 1.5 1.5 0.0 0.0 0.0 1.5 1.5 0.0 1.5 0.0 0.0 1.5 0.0 -1.5 0.0 0.0 3.0  // weights for output 0
1.5 1.5 -1.5 -1.5 0.0 3.0 -1.5 1.5 0.0 1.5 0.0 1.5 -1.5 4.5 0.0 1.5 1.5 0.0 1.5 1.5 3.0 0.0 1.5 1.5 3.0 1.5 3.0 1.5 0.0 1.5 1.5 3.0 1.5 4.5 0.0 0.0 0.0 0.0 0.0 0.0 0.0 3.0 0.0 0.0 1.5 1.5 1.5 0.0 3.0 1.5 -1.5 1.5 1.5 1.5 -3.0 4.5 0.0 0.0 -1.5 0.0 -1.5 1.5 -1.5  // weights for output 1
-2.25 -0.75 0.75 0.75 2.25 -0.75 3.75 -0.75 3.75 2.25 0.75 0.75 0.75 2.25 2.25 0.75 2.25 -0.75 2.25 0.75 0.75 2.25 0.75 -0.75 2.25 0.75 0.75 -0.75 2.25 -2.25 -0.75 0.75 -0.75 -0.75 0.75 2.25 -0.75 -0.75 0.75 0.75 -0.75 -0.75 2.25 -2.25 2.25 0.75 2.25 -0.75 0.75 -0.75 0.75 2.25 2.25 0.75 -0.75 2.25 -3.75 -2.25 -0.75 0.75 -0.75 -0.75 0.75  // weights for output 2
2.25 2.25 -0.75 -0.75 0.75 -3.75 -0.75 2.25 0.75 2.25 0.75 2.25 3.75 -3.75 0.75 2.25 2.25 0.75 2.25 0.75 2.25 0.75 2.25 -0.75 -0.75 -0.75 -0.75 5.25 0.75 0.75 -2.25 -0.75 -0.75 -0.75 5.25 0.75 0.75 0.75 -0.75 0.75 -0.75 3.75 0.75 -0.75 2.25 2.25 2.25 -0.75 2.25 2.25 -2.25 2.25 2.25 2.25 2.25 -2.25 0.75 0.75 -2.25 -0.75 -2.25 -3.75 -0.75  // weights for output 3
0.75 0.75 -0.75 2.25 2.25 -0.75 5.25 0.75 2.25 2.25 0.75 0.75 -0.75 0.75 0.75 2.25 2.25 -0.75 2.25 0.75 -3.75 0.75 2.25 -0.75 3.75 0.75 -0.75 -2.25 0.75 0.75 -0.75 3.75 0.75 -3.75 0.75 0.75 0.75 0.75 0.75 0.75 -0.75 -3.75 0.75 0.75 2.25 2.25 -0.75 -0.75 -3.75 0.75 -0.75 2.25 2.25 2.25 -3.75 0.75 -0.75 -0.75 -2.25 2.25 0.75 -0.75 5.25  // weights for output 4
0.0 0.0 -3.0 -1.5 0.0 1.5 3.0 0.0 0.0 1.5 0.0 1.5 1.5 0.0 -1.5 1.5 1.5 0.0 1.5 3.0 -1.5 -1.5 1.5 0.0 1.5 0.0 3.0 0.0 -1.5 0.0 -1.5 0.0 -1.5 1.5 1.5 -1.5 0.0 0.0 0.0 0.0 1.5 0.0 -1.5 1.5 1.5 1.5 1.5 1.5 -1.5 0.0 0.0 1.5 1.5 1.5 0.0 0.0 -1.5 -1.5 -1.5 0.0 -1.5 -1.5 0.0  // weights for output 5
1.5 0.0 -1.5 -3.0 -1.5 1.5 1.5 0.0 1.5 0.0 -1.5 3.0 0.0 -1.5 0.0 1.5 0.0 1.5 0.0 0.0 -1.5 0.0 1.5 1.5 0.0 -1.5 0.0 -1.5 0.0 1.5 -1.5 -1.5 -3.0 -1.5 0.0 0.0 0.0 0.0 0.0 -1.5 -1.5 -1.5 0.0 0.0 0.0 1.5 1.5 -1.5 -1.5 0.0 0.0 0.0 0.0 1.5 0.0 -1.5 0.0 -1.5 -1.5 -1.5 -3.0 0.0 0.0  // weights for output 6

-1.5 // bias for output 0
-1.5 // bias for output 1
-2.25 // bias for output 2
-2.25 // bias for output 3
-2.25 // bias for output 4
-1.5 // bias for output 5
0.0 // bias for output 6
